0 0.075650 0.267139 0.035461 0.033097
0 0.575650 0.312057 0.028369 0.028369
0 0.652482 0.290780 0.016548 0.023641
0 0.892435 0.262411 0.037825 0.028369
0 0.947991 0.228132 0.021277 0.026005
0 0.446809 0.469267 0.044917 0.035461
0 0.377069 0.468085 0.033097 0.033097
0 0.412530 0.579196 0.033097 0.042553
0 0.242317 0.728132 0.033097 0.037825
0 0.360520 0.940898 0.037825 0.037825
0 0.703310 0.855792 0.028369 0.028369
0 0.696217 0.757683 0.023641 0.035461
0 0.869976 0.397163 0.035461 0.033097
4 0.224586 0.317967 0.063830 0.063830
1 0.913712 0.385343 0.033097 0.052009
1 0.521277 0.697400 0.033097 0.042553