2 0.032711 0.125690 0.050463 0.063830
2 0.367787 0.344366 0.054500 0.056738
2 0.516148 0.259259 0.048445 0.070922
2 0.627167 0.291174 0.048445 0.078014
2 0.776538 0.306541 0.060556 0.056738
2 0.939030 0.259259 0.054500 0.061466
2 0.929946 0.351458 0.060556 0.061466
2 0.860307 0.632782 0.066611 0.070922
2 0.937011 0.695429 0.058537 0.059102
2 0.934992 0.864460 0.050463 0.052009
2 0.520185 0.724980 0.072667 0.085106
2 0.204286 0.643420 0.070648 0.078014
2 0.504037 0.418834 0.064593 0.063830
5 0.147767 0.197794 0.062574 0.061466
5 0.352648 0.697794 0.076704 0.087470