5 0.752272 0.376281 0.061781 0.082742
5 0.404754 0.405831 0.060065 0.080378
5 0.208257 0.289992 0.054916 0.066194
5 0.246012 0.745075 0.068645 0.096927
5 0.545478 0.907013 0.066929 0.080378
2 0.042650 0.591017 0.029174 0.047281
1 0.082121 0.147754 0.025742 0.030733
1 0.181657 0.101655 0.029174 0.023641
1 0.735111 0.872340 0.017161 0.033097
1 0.607259 0.923168 0.018878 0.030733
1 0.607259 0.958629 0.018878 0.021277
1 0.772866 0.836879 0.017161 0.037825
1 0.858673 0.812057 0.017161 0.026005
1 0.755704 0.572104 0.024026 0.028369
1 0.848376 0.660757 0.017161 0.030733
1 0.625278 0.784870 0.024026 0.033097
1 0.782305 0.547281 0.022310 0.026005
1 0.383303 0.542553 0.024026 0.021277
1 0.227134 0.456265 0.030890 0.028369
1 0.217695 0.146572 0.025742 0.018913
1 0.810621 0.296690 0.024026 0.026005
1 0.811479 0.095745 0.029174 0.030733
1 0.987685 0.037825 0.024630 0.028369
0 0.070108 0.765957 0.025742 0.028369
0 0.275186 0.670213 0.017161 0.016548
0 0.463961 0.968085 0.017161 0.030733
0 0.978802 0.945626 0.024026 0.028369
0 0.054662 0.260047 0.022310 0.028369
0 0.355844 0.268322 0.027458 0.035461
0 0.240863 0.434988 0.030890 0.028369
0 0.964215 0.249409 0.018878 0.026005
1 0.129314 0.065012 0.034323 0.044917
1 0.373006 0.134752 0.027458 0.023641
1 0.276902 0.119385 0.030890 0.030733
1 0.463961 0.307329 0.017161 0.018913
1 0.415051 0.278960 0.022310 0.037825
1 0.506006 0.027187 0.029174 0.021277
1 0.088127 0.886525 0.027458 0.033097
1 0.010901 0.869976 0.017161 0.033097
0 0.936757 0.754137 0.018878 0.033097
0 0.798608 0.678487 0.017161 0.033097
0 0.713659 0.643026 0.018878 0.037825
0 0.544620 0.484634 0.027458 0.033097
1 0.692207 0.356974 0.020594 0.023641
1 0.089843 0.449173 0.027458 0.033097
1 0.027204 0.716312 0.022310 0.023641
1 0.271754 0.971631 0.017161 0.023641
1 0.306077 0.957447 0.017161 0.023641
1 0.596962 0.297872 0.018878 0.028369
1 0.585807 0.137116 0.020594 0.018913
1 0.261457 0.351064 0.024026 0.040189
1 0.029778 0.234043 0.017161 0.028369
1 0.630426 0.287234 0.013729 0.030733
1 0.176508 0.172577 0.015445 0.033097
1 0.336967 0.534279 0.024026 0.037825
1 0.275186 0.178487 0.013729 0.035461
1 0.988543 0.412530 0.022914 0.026005
1 0.270038 0.634752 0.020594 0.030733
2 0.118160 0.630024 0.029174 0.049645
1 0.558349 0.013002 0.013729 0.026004
1 0.146227 0.144625 0.011104 0.016688
1 0.186607 0.126547 0.013123 0.016688
1 0.241119 0.125852 0.011104 0.020859
1 0.042754 0.435266 0.014133 0.019469
1 0.598984 0.014602 0.020190 0.018078
1 0.335507 0.711306 0.010095 0.026422
1 0.325412 0.918509 0.014133 0.020859
1 0.298156 0.978306 0.016152 0.012516
1 0.951465 0.799147 0.015142 0.016688
1 0.980741 0.789413 0.013123 0.016688
1 0.971151 0.819311 0.012114 0.015297
1 0.680921 0.611412 0.013123 0.019469
1 0.747548 0.429936 0.017161 0.018078
1 0.907552 0.902053 0.010095 0.019469