5 0.212766 0.109929 0.054374 0.059102
2 0.360520 0.179669 0.061466 0.056738
2 0.836879 0.122931 0.082742 0.061466
2 0.644208 0.348700 0.070922 0.063830
2 0.913712 0.384161 0.047281 0.054374
2 0.778960 0.491726 0.085106 0.056738
2 0.617021 0.628842 0.054374 0.052009
2 0.522459 0.566194 0.078014 0.049645
2 0.255319 0.460993 0.073286 0.042553
2 0.455083 0.735225 0.061466 0.052009
2 0.788416 0.878251 0.061466 0.049645
2 0.288416 0.959811 0.068558 0.047281
2 0.255319 0.741135 0.082742 0.078014
2 0.122931 0.845154 0.059102 0.059102
5 0.120567 0.317967 0.068558 0.082742
5 0.589835 0.184397 0.099291 0.113475
5 0.809693 0.329787 0.094563 0.111111
5 0.470449 0.424350 0.078014 0.073286
5 0.346336 0.567376 0.108747 0.085106
5 0.150118 0.605201 0.122931 0.094563
5 0.770686 0.686761 0.125296 0.101655
5 0.528369 0.835697 0.113475 0.096927