3 0.063830 0.235225 0.101655 0.111111
3 0.156028 0.121749 0.049645 0.068558
3 0.310875 0.284870 0.066194 0.115839
3 0.465721 0.104019 0.096927 0.066194
3 0.685579 0.157210 0.073286 0.096927
3 0.875887 0.124113 0.061466 0.115839
3 0.695035 0.374704 0.078014 0.096927
3 0.585106 0.306147 0.104019 0.125296
3 0.880615 0.451537 0.127660 0.080378
3 0.878251 0.641844 0.075650 0.111111
3 0.504728 0.496454 0.122931 0.099291
3 0.611111 0.689125 0.099291 0.130024
3 0.619385 0.879433 0.049645 0.061466
3 0.828605 0.920804 0.089835 0.101655