5 0.574324 0.758801 0.047297 0.071629
5 0.055743 0.327324 0.054054 0.092094
5 0.500528 0.265928 0.048353 0.092094
3 0.847128 0.107321 0.038851 0.051163
3 0.669764 0.254416 0.035473 0.063954
1 0.260980 0.682909 0.025338 0.025582
1 0.439189 0.806980 0.020270 0.028140
1 0.239865 0.928493 0.020270 0.025582
1 0.075169 0.933610 0.021959 0.035814
1 0.100507 0.968145 0.021959 0.043489
1 0.707770 0.855585 0.030405 0.023024
1 0.592905 0.503837 0.016892 0.035814
1 0.559122 0.420697 0.027027 0.023024
1 0.178209 0.547326 0.018581 0.030698
1 0.145270 0.714886 0.013514 0.033256
1 0.736486 0.107321 0.020270 0.020465
1 0.913007 0.401511 0.028716 0.025582
1 0.061233 0.193385 0.016892 0.022384
1 0.084987 0.175798 0.022171 0.031977
1 0.164696 0.062279 0.021115 0.022384
1 0.149388 0.147018 0.017948 0.019186
1 0.181588 0.143821 0.016892 0.019186
1 0.183699 0.265334 0.014780 0.019186
1 0.169975 0.280523 0.016892 0.017587
1 0.194257 0.383649 0.016892 0.025582
1 0.054371 0.384448 0.017948 0.023983
1 0.049620 0.440408 0.019003 0.014390
1 0.061761 0.457196 0.017948 0.019186
1 0.109797 0.465990 0.014780 0.017587
1 0.128273 0.422022 0.015836 0.031977
1 0.169975 0.406832 0.019003 0.014390
1 0.162057 0.318096 0.013725 0.022384
1 0.192673 0.464391 0.020059 0.017587
1 0.032200 0.505162 0.011613 0.025582
1 0.037479 0.567517 0.017948 0.022384
1 0.063872 0.580308 0.013725 0.022384
1 0.066512 0.638666 0.014780 0.023983
1 0.090794 0.650658 0.014780 0.025582
1 0.398543 0.166205 0.015836 0.019186
1 0.304582 0.047090 0.011613 0.020785
1 0.489865 0.054285 0.012669 0.015989
1 0.370566 0.217368 0.012669 0.019186
1 0.604413 0.102251 0.020059 0.012791
1 0.637669 0.123835 0.016892 0.020785
1 0.574324 0.277325 0.023226 0.027181
1 0.551098 0.318096 0.012669 0.022384
1 0.621833 0.398838 0.023226 0.030378
1 0.566406 0.358867 0.013725 0.017587
1 0.605997 0.554727 0.012669 0.019186
1 0.583826 0.413228 0.019003 0.027181
1 0.541596 0.286119 0.012669 0.015989
1 0.222762 0.035099 0.010557 0.012791
1 0.660543 0.138225 0.014780 0.017587
1 0.706468 0.220566 0.013725 0.019186
1 0.757144 0.023107 0.017948 0.017587
1 0.923951 0.024706 0.024282 0.023983
1 0.967237 0.004758 0.026394 0.009516
1 0.941899 0.075869 0.011613 0.027181
1 0.979906 0.032700 0.015836 0.020785
1 0.956151 0.168603 0.019003 0.023983
1 0.915505 0.146219 0.020059 0.020785
1 0.950873 0.234956 0.016892 0.015989
1 0.958263 0.295712 0.012669 0.022384
1 0.854272 0.401236 0.017948 0.019186
1 0.827351 0.410830 0.014780 0.022384
1 0.729695 0.357268 0.020059 0.027181
1 0.770341 0.524348 0.019003 0.031977
1 0.801485 0.523549 0.013725 0.011192
1 0.906532 0.554727 0.014780 0.015989
1 0.864830 0.636268 0.020059 0.025582
1 0.912338 0.645861 0.022171 0.019186
1 0.739196 0.678638 0.015836 0.023983
1 0.695383 0.630672 0.021115 0.020785
1 0.764534 0.386847 0.015836 0.012791
1 0.758200 0.336483 0.013725 0.020785
1 0.759255 0.401236 0.015836 0.022384
1 0.673212 0.702621 0.023226 0.020785
1 0.762950 0.750586 0.012669 0.017587
1 0.669517 0.749787 0.017948 0.022384
1 0.524352 0.902478 0.021115 0.023983
1 0.525936 0.876096 0.013725 0.012791
1 0.401358 0.791357 0.020059 0.022384
1 0.346460 0.735397 0.017948 0.019186
1 0.351738 0.955240 0.011613 0.023983
1 0.173846 0.944048 0.014780 0.027181
1 0.166456 0.685033 0.012669 0.023983
1 0.226633 0.499566 0.016892 0.027181
1 0.053315 0.873165 0.017948 0.027181
1 0.045925 0.890753 0.015836 0.027181
1 0.013725 0.888354 0.014780 0.022384
1 0.007918 0.947512 0.013725 0.019186
1 0.903892 0.837990 0.026394 0.030378
1 0.925007 0.771638 0.017948 0.025582
1 0.949817 0.818005 0.019003 0.028779
1 0.870636 0.924329 0.016892 0.027181
1 0.845298 0.835592 0.016892 0.025582
1 0.818377 0.728469 0.017948 0.022384
1 0.769285 0.710082 0.021115 0.027181
1 0.722832 0.627741 0.010557 0.028779
1 0.475788 0.087861 0.025338 0.022384
1 0.725999 0.062279 0.035895 0.028779
1 0.108006 0.411134 0.018428 0.030233