4 0.280142 0.083924 0.146572 0.078014
4 0.528369 0.205674 0.066194 0.137116
4 0.630024 0.378251 0.089835 0.108747
4 0.820331 0.459811 0.068558 0.115839
4 0.787234 0.653664 0.068558 0.120567
4 0.690307 0.801418 0.087470 0.118203
4 0.187943 0.329787 0.075650 0.144208
4 0.093381 0.546099 0.056738 0.127660
4 0.302600 0.573286 0.059102 0.096927
4 0.217494 0.773050 0.068558 0.104019
4 0.421986 0.827423 0.070922 0.108747
4 0.524823 0.726950 0.059102 0.125296
4 0.669031 0.075650 0.115839 0.089835
4 0.732861 0.187943 0.082742 0.059102
4 0.854610 0.063830 0.056738 0.042553
4 0.875887 0.140662 0.056738 0.044917
4 0.871158 0.248227 0.070922 0.061466
4 0.931442 0.333333 0.082742 0.070922