4 0.140662 0.108747 0.094563 0.075650
4 0.232861 0.359338 0.080378 0.056738
4 0.208038 0.635934 0.073286 0.066194
4 0.159574 0.799054 0.085106 0.066194
4 0.369976 0.793144 0.070922 0.063830
4 0.453901 0.416076 0.049645 0.056738
4 0.834515 0.146572 0.073286 0.047281
4 0.900709 0.392435 0.078014 0.061466
2 0.232861 0.209220 0.052009 0.082742
2 0.611111 0.205674 0.070922 0.127660
2 0.359338 0.593381 0.054374 0.061466
2 0.569740 0.823877 0.068558 0.078014
2 0.830969 0.716312 0.066194 0.108747
3 0.457447 0.283688 0.122931 0.080378