5 0.348700 0.120567 0.085106 0.089835
5 0.903073 0.086288 0.073286 0.115839
5 0.748227 0.297872 0.141844 0.146572
5 0.269504 0.295508 0.111111 0.089835
5 0.431442 0.375887 0.108747 0.108747
5 0.622931 0.471631 0.075650 0.106383
5 0.825059 0.536643 0.092199 0.104019
5 0.828605 0.728132 0.170213 0.170213
5 0.568558 0.743499 0.108747 0.111111
5 0.368794 0.587470 0.134752 0.139480
5 0.098109 0.421986 0.104019 0.078014
5 0.088652 0.643026 0.099291 0.094563
5 0.373522 0.877069 0.101655 0.099291
5 0.115839 0.817967 0.073286 0.113475