2 0.110184 0.144208 0.060663 0.052009
2 0.171970 0.128842 0.053923 0.059102
2 0.392155 0.238771 0.071897 0.066194
2 0.516851 0.121749 0.056169 0.068558
2 0.690976 0.086288 0.049429 0.082742
2 0.669632 0.206856 0.051676 0.063830
2 0.693223 0.378251 0.107845 0.122931
2 0.862855 0.333333 0.087624 0.080378
2 0.834770 0.513002 0.071897 0.089835
2 0.551676 0.406619 0.058416 0.075650
2 0.243867 0.340426 0.080884 0.085106
2 0.369687 0.369976 0.044936 0.054374
2 0.455064 0.592199 0.053923 0.054374
2 0.265212 0.465721 0.074144 0.080378
2 0.142762 0.486998 0.085378 0.080378
2 0.257348 0.671395 0.044936 0.047281
2 0.088839 0.789598 0.058416 0.056738
2 0.496630 0.862884 0.038195 0.042553
2 0.784218 0.776596 0.096612 0.087470
5 0.843757 0.141844 0.085378 0.070922